$ANSIBLE_VAULT;1.1;AES256
33626437363837626634613335626564333633663430316161303838616332373663656131663966
3032643432383430393236666438323263616230626230630a663264663861383936646531613932
37386365376261663834366266356361356466306136306632336461626135623735646331323837
6362303564343130350a376138346530623663623964323832303533626166396131663261336562
64333435366262316631306637653631373436333238343338306365363165636430356635323430
39303733386666323633386635366262666338656536346366626663386431633563663437663134
35323036613533303264313436666630353063633135393630376236633837303663643335343238
36666165353639613938383332383839656566666335383461313636666465616633343933343763
37663333326133316162323237303363303164626263356663643734333762656664643064663536
38323766613362666162633133613261306234306333643462643062313538373234356663663164
36373762313161366666383834366434653661333830313634306536613963353662613365326537
64653534306565653162663037376230356462326363376237373433663835323262346631393732
37373864333966383439356435336239306462653639333638356536666531383364393034303866
39366265303237373136626232646433353932393931363431386437336333356261386237653035
31663530303235613465373532633561363461303534346436303638613636356237323938656235
37623263623063363032313031343865313930326566313237663262333661313961656361666533
65623338373764396561383864326561633766613630653965646436363762376132323562616535
38316664636466663636306230386231383338326132396265366239346533353436376433333334
33376134643063313632386364353965643331633564333461363562326135636439386539376230
64663436633334363738663230343462613638373763356636623965346665386561653332633630
64313961636465663230326333366534333733353234663839363337633934613231363338373965
31616532343830323065356130643763616232613966316562653936373262346130636661386432
31393134656633633638346262303164373563353934336361326236633437646231653365363965
38316333643036343334373931666532633437663735383763613765613435613666343937653335
36356435393133373934303562653135346332636336633532353361393831303365643135303033
61623638643130326366663934633265633364373362383232373566626334623530363934353764
31326636663838626466356330373537386261666338666637623738366435663761613361656664
35616337376434306666333630363763356138363666346438363631393333353335663530373438
37383033616663656439626134353266316361346265333866303739373762303530323439623961
31373362653331353835323536653161383535383931326539616132343835306666376631383566
62626361316330313130653637306234653361333430336134383334633237323337393330383134
63663239396666633032636562326365386664623632626266666435363132616532333764386662
32663935646335303934643265626336343462663133346638313561363362363434626461303563
35306231313061313032313438363463386430376639396564633233373265316237313134643438
30303466653933626638313838616437396138633735656664393532643364643239326334303034
31323237373134653734313536346561383233316431373433396330323261393838643430316163
34323766306236383732376537363532653930313963383534313961383361323765666632313432
64626236353331313034656539666363663465306163336631363336393535646534316432623830
36613265373337633037383231666166616533653836343134393936323037653930623661613730
33643261326638656137353766333330616333343063633131326137656364356163333365643264
62373735313161386337306230656231336139633364393030613337326462376537633361353533
61666465366233323937636561646137643764303539376332633266363066633663323838643964
64383130386530346563396237643832666330613637366536353632343663366232616461303639
32316431363961633766626364616339326565346164373262303463333031613930333639333835
31303333313336636463373132313464316162366531393631363137653737336366353337356461
33363731383538383965386531653132303135393037333139333866636637623263626239623633
64363565633565373038366161643834386333333763623263366137636634376330343363323662
30616534396433666464613337313831623663663732306135633236383338326635613163326431
39663262383166343836663235653838356435313861616236666564373731383032376133306234
36366134376264316464383164643934373663626539643236623930353733376665363236633233
66633265303233343230616261383631666634383538386536353737316534633036643164646562
62616530623862656639666362376664313866633532303862633761663261396439643065633738
64396539383164646462663237343132613130666134643033386266643637366339333263303733
35313932613230363334343138386531653661366337353939613136343433633135616434306663
31643435373534613233666131656364656233393030323066333237623362303432376335663139
37373039303430306439633730636462343332643831623539303834366163346430653764316530
66626465653565313064643632393438373962393761323263643963373534656631313934383966
39653063653438643933633439366334353532333435633437356638663532616338303831373637
66333931386465386666373038396339663838653833626236396166316138363934346634303662
31383861303332323130623832623064616433653730323863333833383535313636313434303139
38653334643065356166366261653438613938313036623562376632376437303133616463616531
36613630393161323833376661353565346635343363363130623262326232623664326136313064
33336334626266633562366362353030303733643330383530323461383566663032333631666139
39353534306461383539306366363031336564393830316337323963653663346532366338303663
66623563306436333239343864316636346131636536363631313035313436386566353039393132
31363237653039323730316664353366306465373036383862636636613735313765313631326335
39316465633966393938303532363937383230343639666264623165666161653861373333333265
38376539353536623761623564383632363966636635303330383839643130346462613661316264
61646666396536636362616339313539643431633130346632336133663736346335613363306331
36313862623238626165623261633338343035663130383732353638333863363238326637346564
33336531383966623233633632383330653066333232346264376466393134623639363465626135
36303962373465646136346535326631336138633838386663306530643032383039363737613237
33303038666137373931343737663466653864663835356362363137353633316161663139633232
36376431663134313765623536653031653034633366386361353766383534336338653464366331
39343933353935363961626432636234303239326264316538353238306631333962666433636261
38393837383931343862356531643366343337663738663634306361623939666564343164613465
35306632343034383562336535656435326337323763326564346164386439393865343233396233
37313630313230316138353034376361646635323765653437633863363863386361303939333639
63663239623036633337343666343639313861323438383134616239383766653437366665643033
36383662356362636666613233613537643737633665303763303563653637623962313531346334
39666563306230356635623939643034653933616433303635656436633931333834623731626334
62343139306136303535633632663039376633616532353432326363366365613863646430336434
31366132353631656165363963326162356436666663626639376536613431653336656639353062
64383161623638663162646437366464626431306138656436646461323565393031313865376339
64353833343862323261363035313333306131336464363363306536383866666633396533393461
36313732366436663165616137623739316235343237383732343835323138643339643230636636
63313632393130643666343535386266313239363338383537396536656235653063336562336134
63626130623135613039
